1.883392571902807 -4.199834434309866 -9.219983749106905
0.101561706187260 -4.152413847129619 -6.487100769228746
1.369520716895773 -4.307253176038337 9.120390245233871
3.078404426380841 3.634912440509660 10.475198096671750
0.497533103346793 -4.350540224951593 14.128660882488241
-4.095253942583618 2.783749495723520 10.229721685030270
-1.228916405234575 4.783750371581335 -7.182611499022395
0.696129363605522 4.807933988212361 -12.074362148621038
4.679108384405332 -0.121057117967903 -14.545295367531025
0.288468323484373 -4.665446232553062 0.882061505972022
-0.802400499215929 4.340552585763354 -12.108908521928120
-3.426240984278683 -3.265589591961457 1.392587555764727
-0.571057867516822 -4.156830574850509 3.461735183098448
1.094366588948001 4.002640773066166 4.095758751364126
-1.230405154368723 3.969171068021955 6.836239767125445
3.605830655931868 3.229615215811124 3.478992382545488
3.176609013483096 2.823716103872893 14.730987523850963
-4.338145559717955 -2.111179697428802 10.262711799114566
2.298213646648191 -4.116779163371958 -1.860138227460917
-4.702027137780278 0.835618848581094 -6.463578958159260
3.144055282721093 3.638963422107859 -3.440739235320580
-3.291710739378189 -2.438956435064453 -13.076286777921998
-2.515564868939476 -3.477272052349544 3.950455720268835
-2.008031210188754 -3.971179153273832 -9.049824927274962
-2.833552593258184 3.878946791935218 2.438448426924360
-2.610113276577140 3.704730230334722 -8.225293437800202
4.812668261273547 0.961976704917648 -6.864907237176185
-1.916754280101116 -4.361192684668310 -3.063601643312623
-2.114137964865193 -3.557298785737087 -6.715007978882168
1.764674882000620 4.154382941870012 -2.716401290843766
-2.116893418080471 -3.714906065126726 -12.532245250574380
2.634217728626625 3.422381625934938 14.550339790196517
-3.046709517977840 2.970811997279493 -9.099292032792130
-1.250283535945264 -3.910742027223728 -13.506503207369571
0.576974838289554 -4.698242105691036 7.789523764261897
-3.866303717009671 1.523639487909724 4.851823293949277
0.265764932786735 -4.682339085019875 -0.589804486852019
4.110666774949536 -1.242834469701633 11.236397130783342
0.535400591059882 4.771619704392818 0.066550748220532
1.848345098110640 -4.409908510859864 4.751093408101745
-4.189194102342472 -1.055621601884528 -7.271755704976822
-0.427829382836102 4.432402705522549 0.547166137321284
-2.578275216462223 -4.073607207400091 -0.196288349334642
2.333507991748360 -3.882263484816154 12.585815098368922
-2.016260353078843 4.339507970007538 -13.923298468183397
-4.467276338904146 -1.471895723934842 13.809609711230877
0.544607513003573 -4.704413133943613 1.701119742159879
-0.089583778477729 -4.134387149414305 7.034287827078487
4.621751129434982 -1.095541894318006 6.031675795495342
-4.710116258922046 -1.433632558403402 -11.688904025140937
3.496155925742544 -3.226454715911262 12.798551841106750
0.070030743875618 4.800804519813666 9.968785656947357
-3.560105414706398 2.086838171890878 10.693563177127331
-0.754425243059587 3.978334068580868 13.501911687779849
-2.483115924906278 -3.855914083749120 6.166285216562233
4.415296673931319 -0.386314136074931 -3.544566424549840
0.823618086452821 -4.240825098830509 12.817179946082391
3.296737580527942 3.565037541591660 7.478230061783780
-4.653697442117377 1.068616241593846 -6.012553745372060
4.692473455281352 -0.554247762736022 12.945913649534095
4.496616425028416 1.357498309829320 -14.451014654959673
1.445230139219852 3.950590509942557 -5.072999292064175
4.806535836533179 1.045580982991301 -7.406807012976170
3.879219519494898 2.759680911885382 -1.314772892709314
-3.842291974212624 3.078813751165824 -10.276612494027434
-2.274228936004423 -3.910249859920044 -5.625546432735710
0.061091623537619 -4.427819926720969 4.342911578982065
1.551866811780312 4.451539094161546 -6.280039372561948
1.414116639797766 -3.925691241511498 -9.359343736328881
-1.955248357738330 3.689313871866172 3.505319803877736
-1.765529849200314 -3.872131901756358 3.028991647339723
-0.342739179946027 -4.601587123437017 -8.201346903294127
4.273143664422253 -0.007387319671556 -12.034124026574844
-0.571712328416488 4.450325598505366 3.068727124330316
3.511222687993108 3.318593878148779 13.564627470176504
3.678522624545900 -1.870656828751414 -13.853388669151858
4.685259808046474 -0.758816910560577 12.098348330724484
-3.862782156636347 1.493265826620076 -12.096008435532864
3.188483111900782 -3.471093180664353 -13.916203796530530
4.163741745566302 2.169609951217931 -4.760470746051038
-3.087443096113905 3.424389244252128 2.234646631996661
-4.418309585311306 -1.762781638604955 -2.579427238101614
-2.309976146879129 -3.644278954737577 8.492679806544029
-2.955931675832041 3.294705473278682 7.593322528822164
-4.647196957561346 0.424695541459227 -9.485971534564637
1.462341427073269 -3.905629782202793 5.418171588580538
1.496144122329431 -4.531795221388338 -7.960241689199352
2.870924845521808 3.145826692368090 -2.680616150777954
2.639239733295026 3.862268392080492 3.746518041403931
-3.839178929656702 -2.721963651371595 -0.278493431621765
-1.234842530024258 -4.687885235911967 -2.710152154955967
-4.313438422698390 0.661832781728858 -5.513010978078382
2.358462985033798 3.693657789704596 8.140632828939683
-4.281426164015620 -0.330750790327867 -3.742051649770987
-3.147097370221580 2.844474110279424 2.380001871135839
-2.959375760189631 -3.449991628675960 -8.129710012399926
-1.839453632596001 3.683552666919492 8.406568317537964
-4.685058376684757 0.100301934510557 6.291704648167812
4.406289170016070 1.391657721852142 -3.916548917218638
-3.556066482465162 -3.227447114741965 5.802343620153597
4.236674504492470 2.225705700878255 1.169322440307198
-1.508210531045255 -4.437867432884245 -7.427491513988155
4.683271417094549 -0.606742614165241 -3.177252835880438
0.705426337782060 -4.644539336548101 -0.308439485739584
2.586104786335854 -3.955783150599547 -13.661971237517163
-0.053478131886699 -4.692397572034650 -14.193801775965651
4.152134379429789 -1.249343191258016 11.968019765643145
-4.151204718530924 1.004635282665088 -10.120115416473869
3.262255564853199 2.829111945942231 13.077934742001478
2.319663698146808 -3.625808231224638 -13.989340178337685
-4.209195321073264 -0.370323052585102 -2.887899019666957
-2.335471252657376 4.159399533203895 10.914101190444608
-0.798540030776419 4.798503583549235 3.472933941696724
-4.407399893584972 2.101325258908592 7.818075955001749
0.085632570689845 -4.501078444541026 1.683506113541281
1.694823776071100 4.505553417917246 -4.546541344710679
2.677734767627911 3.649320941964631 -13.039137057110771
4.069784732936034 -0.853593225417367 7.545850044734308
-0.035762587695618 4.246587544610649 14.034916528770328
3.140028237524458 -3.490376989974205 13.220080596234840
3.163890225662495 -2.819948992786309 -8.955852093303498
-4.366963292619252 2.122148178127243 13.265105529641307
-2.044848454266819 -4.393715321362024 9.298879621712789
2.515074102948351 -3.681581638674905 -9.006995877068654
4.224635040116960 2.262869657278270 11.742682184733589
3.844629444554323 -1.987660960643861 -3.596043413175867
-2.279568150899186 -3.720617947797935 14.283187425514960
-3.325249562176781 3.243932341063958 -13.914636693433541
3.976923825954827 -1.484902188770831 -10.018700159516580
2.716756215371003 3.699265932552712 -11.426833024350611
2.965047861866934 -3.594158035033519 1.962263102642186
-0.239167174057229 4.735610004789124 13.978887963009431
-2.403402075982150 3.542547884949008 -0.674091841240465
-4.422509472168844 1.641489307099368 2.088708411231536
-0.612172507849886 -4.409227148639586 -7.546917091742943
1.696229106037057 4.520417176097058 5.507649722164302
0.972033800761412 4.780223230202599 -2.619008042371481
-2.398250271613100 4.111874689693333 12.156152008348784
0.758821128924719 -4.657730878275643 2.846685518196377
-1.154970468938979 -4.518549807300150 3.403931268581271
-2.979310087995679 2.897233934698622 11.013447287489711
-3.384570712819484 -3.084065375874985 5.324916024898197
-1.716129773046986 3.966378284067379 5.643901282228775
-4.090993134534421 1.991846004323883 5.698090650686943
-1.253471073505266 -3.897763590177910 10.037593055087644
-4.112584986479185 2.593198339550615 5.574308955667878
3.968098482415037 1.391907832977636 11.692097756046536
0.457914802963436 -4.565730015704726 10.216670117222456
3.330419450656597 3.629630624245505 -11.955156378779400
4.344630017181760 -0.249813263204658 5.794123870010232
-4.391667592310510 -1.605556255675117 -6.345284288820890
4.694324911560631 0.000701267657966 -3.373442295579064
4.628467763182897 -0.662335021473713 -3.926500306097331
3.109200470266206 3.587056164964104 13.183216676085330
4.123843065674070 1.945165479206975 10.871941880629102
1.871713139364519 4.312625405063858 -12.899972745897518
-4.234796418199952 -1.678947615316886 9.892741529719171
4.711831088365953 -1.089452906436760 -9.268868853875389
1.476524874644018 4.065928230131701 8.365042265716628
1.918746417481999 4.520482001299055 4.484137029910613
3.833179718122496 -2.074467565745747 -2.587863331591723
0.100418566868732 4.619709788927392 -11.401460416956199
-3.097507966218289 -3.506464704248518 0.211748067216785
-3.900543294765543 -1.844090841744293 -2.864934359070689
4.389813523080146 1.315489541916804 -5.520092781906380
-3.478293839340637 -2.775144017966006 -14.025022792349777
2.586132994463444 3.808625902206756 -10.025380799896832
4.718739895945683 -1.072185922291932 8.830994580929683
-3.343381901069514 2.536548758051173 1.954248211608075
0.828143846358105 4.767777566710119 -4.964583142224948
4.277299778612079 -1.729398560704067 -14.462858810070028
4.357407302267436 -1.267553989303877 8.091886782084515
4.048384861734613 2.461369829347743 1.569135649806928
1.904284360284313 4.479417786024141 7.094490559246456
0.046413642609253 4.490455263567639 1.018768702243985
2.838130083742749 3.287140937056964 -11.984148611492515
4.329725936755047 1.322795409050332 -9.787122143140330
4.171298217487601 -2.273292890397569 -5.545688079610713
3.940590615937927 2.637370136311165 5.638506940763872
3.966057752856891 -0.743671688754265 5.791874720748702
0.584496977342497 -4.662029391703809 8.998479134137785
-3.434708064511895 -3.254722606618437 -8.456613483683661
1.682885594159113 3.660376409025253 7.583609595562784
-3.041084711650630 3.636638053883941 8.172057553771737
0.903487895523087 4.563819192853145 -10.535832905424630
2.525779944545191 -3.948926705023883 3.411591982866195
-2.443548871217187 -3.631993022659255 -4.513876145119834
3.110152869035119 -2.690998934128691 10.579985473062990
1.876849740369807 4.018049362852460 9.634757859368996
4.468188496722037 1.308306612006850 5.064314802020075
-3.395391175613629 -2.422171519524091 -2.054437622620357
4.813404474465303 -1.221346896255000 -11.113064216084032
4.177807254657797 -1.966812996813754 -2.136931593667081
2.927782133584971 -3.042828610895580 -9.518336706665769
-4.709184716316208 1.147758041278646 -10.789687757246202
3.747171481361695 2.131197488057371 -14.610477419945399
0.010859415630581 -4.586556509099301 10.842481341541657
-1.106159796655175 3.986122995789368 8.663130158716822
4.649017332664966 0.553868971104722 11.541183456985578
-4.421897439232141 1.998463824766159 4.321271231051323
-4.361255850679225 1.631263999511034 -8.957064308080440
-3.313194421130186 -3.001580224946886 13.633223452663906
3.896212144085679 -2.175063312997510 6.358021183726301
-2.004189417002340 3.821741438814395 -7.875701246040964
2.269619950191464 4.187554627993166 -9.198256435756084
4.786647514791040 0.444984868832718 -10.400741934266470
0.859026731666723 -4.661287653502529 -4.570827184322239
0.975582451720401 -4.144871670726664 -9.996027993021283
3.338333485557675 3.443828794628712 -8.748922228766521
-4.674124811655257 -0.000857334290909 2.699894677477268
1.092662912017170 -4.162178187683326 1.430108252446907
3.791129055874762 2.389523364691730 4.820866504778216
-2.967253613879001 3.948623894579920 9.476203538904691
2.999373197310092 -3.625802904857719 9.540034134496022
4.255425656228821 -0.192305829829470 2.992200961059044
3.600067639275059 3.255939903218832 12.590120184075133
-2.914405697856992 -3.703849668113773 3.417555624811108
0.642102368492686 -4.438365662188078 8.538104762658914
-1.686333358067500 -4.420385614873197 -5.134237736316475
-4.122813330785216 -2.680863722053892 14.118241860573040
-2.108452634670056 -4.418965525765504 -10.227289459365839
-4.218486160627252 -1.398431951874648 -11.782308683534461
-0.956407864026612 3.959612246035124 2.095863196073335
-1.534655854461466 4.388571750822844 4.713805754155075
-2.793800051812249 -3.084265650939459 10.857634061054938
3.710048419542517 -2.175137246727863 14.733417454053946
-4.209859353164146 0.399943099448200 -11.830799724940199
4.780220289538246 0.923610413866307 14.052836871286399
2.025837953923009 3.666584213982151 4.396277276493723
3.522405754948167 2.921675681175441 -14.006046956770408
0.410720630680959 4.749362088925140 2.766561209498185
1.617854550871265 -4.657537332137341 -10.396024327534430
-2.962015768961092 3.906674795335625 12.597576104501112
-2.791704877169720 3.540419351759771 14.639249422879324
-3.423318962605534 -2.491837997003322 -11.574033099159248
-0.884524568759962 4.417741489625116 10.257673114838859
3.933651751935612 -2.662087442113005 10.966490217537761
3.652909972812095 2.859906548461741 7.232302548304141
4.235036069587430 -2.357488589657097 6.002275218282087
3.912619641696436 1.733382496347751 -4.781015466776443
-0.365147029391763 -4.585579510002423 -14.586870482323489
2.087023149202486 -3.572938396557187 -8.199790551912180
0.975737062799710 4.801934384569367 -11.033664731128839
-2.919097288478163 -3.285821136577444 -11.467234686050286
4.257024651891152 -0.668430093655892 4.938311439744979
-1.444287138110553 -4.622844726286107 11.911185893301369
-4.115281433904467 -2.680073369125967 -1.271932847153401
-4.709024529031897 -0.287525300807558 -7.733588063596904
1.108962225460569 4.307313709414070 11.831979589316461
4.512157486224933 1.838279335929229 -2.029504792089794
-0.474008712248573 4.314787195660981 1.388393715522913
-4.321166441689510 1.311318635010867 -12.709690581871772
3.965740225845169 0.834275398394415 5.886195043902436
-2.082541424504776 -4.398601454861405 -11.865303896640730
-1.364006151407170 -4.515117942662533 13.435124571007442
-3.400824603179180 -2.483185701012032 7.334917542970079
3.449506535934351 2.411401386326197 13.324410105405914
-0.652603885386725 -4.554799271665449 -5.075295200775660
-0.093556091429875 4.300847468616531 2.877528625434561
-2.839259113987421 3.948332225878501 -1.535093488547256
-3.047458260063061 -3.538537728094275 -3.959023408746004
-4.706786893434269 -1.174950203167360 14.155492505127242
-1.109139268514131 4.058883414461035 12.755345001086958
2.191326652983445 -4.383496016210861 3.813533819371855
-3.854828826617854 -1.791136919335034 -9.942259929271607
-0.075424381803995 4.306716041330644 -11.778312942988801
-4.358394177851538 -1.723672342359189 -7.817569713270034
-1.611511779866921 -3.917421035115752 11.416503783648231
-2.500423531457627 -4.127970598295689 6.669120316869048
3.980719717699426 -1.101957895357711 12.925325202012331
4.419421168752738 0.106259175112467 -10.294619047591931
4.772733889017749 1.015545908089733 12.703827572276204
3.263554103963568 3.508123665861542 -0.670208491144516
2.797313922333897 3.085264533279910 5.161458227901328
-4.127044500924967 -2.305582311972781 11.959435865105981
2.762536959681656 3.888462624246931 2.995282512764813
-4.027072714171331 2.598152402253588 -0.626854858129814
4.003055293191625 0.919546068943051 7.940946312237500
-4.564616436576856 0.363707465723035 -2.694500969084357
-3.241738504375659 3.516697386397614 12.418614989700778
-4.453153410785578 -0.532985111267037 12.046621899990644
-4.212596445209705 -1.822446469553777 12.933682358140757
2.532049486004111 -3.272827156969268 14.713655939308982
-4.685397322445030 0.514699594032521 8.963665998425174
-0.817942013146995 -4.134230472810271 -6.778776967631430
-1.995504685842985 -4.399662880250617 5.356796420875806
-4.165480899773056 0.195853946637406 -7.234061595932324
-3.863275118283120 -1.486338677864355 7.417298057328487
2.555536237824576 -3.440794046194836 -11.947705617157164
-3.951614718757167 -1.741373470646993 -10.465720561118943
4.522330504647346 0.587920315164085 -11.273099920309395
1.605179232389291 -4.679223233210188 -12.672931315503632
-4.359892081358804 0.855206154366044 10.559205090167389
-4.326494984797518 -0.601274827039440 -11.362819040769896
-3.244788231077092 3.584415790036398 -5.047608055853887
3.319565188995917 -3.490897165172651 8.357143561240811
-2.907932707129261 3.759708909205687 -13.429101780752571
-1.068701257158057 -4.143989811710776 7.282356591118308
4.767185632415583 0.940061749007076 -12.317505113190451
-1.682330815151536 4.472258113775317 12.745918343553019
0.507153433925587 -4.192457702321599 -13.591987759082778
4.674081497740996 0.433907866578910 9.075991528512517
-4.129509412423004 -1.797060776728767 14.397979010431644
3.664010209919791 -1.885568901982439 -8.355402538697820
-0.727355550532643 4.719945271198539 13.246689406333054
3.948922817232701 -2.942520640210325 7.029210121998680
-4.225192116266100 1.832090220342225 -14.618372250087527
-3.131384571128406 -2.910846182403738 -8.084816080284043
2.648339554574996 -3.413178092133200 -7.677247285837669
-3.843787460964589 2.057084692033931 -14.299721383655564
-2.764404748426500 3.773128283667030 1.274494763565571
-0.163217429099919 -4.220765029937858 0.684272178011557
-4.448922513298114 1.048464534964925 -4.117331183977029
3.434701280501095 -2.476573551523878 -5.997469828383897
-3.313667636769595 2.714114585797618 -7.095017473828074
2.455534875929008 -3.688779855023562 7.941669915277480
1.161192339213439 3.952531215318882 9.234529218052057
1.457802874367699 -3.983213206440465 9.623487259393023
-2.951019676863315 -3.787301081397390 -11.746466604603018
1.034867093967907 -4.390973664508055 -5.275698272972869
4.238355107759114 0.301600336785421 8.639095002090421
4.776074698948118 0.345872178404688 8.506724338532823
3.380803183255161 -2.404533796173552 -6.495396687641836
-2.747268713783885 3.299521225843228 10.813647326326770
4.636607710713667 0.360593870270307 -6.040289823587695
-2.955208562943670 -3.583030577702410 5.121893146238911
-3.513779236428720 3.160386769072020 11.966674733539321
-2.403382212652499 -3.297987326671071 9.500084489419901
4.147555531667754 2.453482281521077 8.141853917539400
-2.340064338845715 3.854103747247332 8.354448177058366
3.126343529744359 2.803813423486774 11.612100870615791
-1.373609678510085 -4.693289105081691 10.167317705260370
4.124226606773577 -1.005089739448467 2.351395883468392
-4.673539148528434 0.009726302891802 4.212140181717647
4.696174969645178 -1.229632250841639 11.665309508751111
4.342996625349361 -0.584466950313740 10.538062247284611
-2.521247147833024 -3.678948754056638 0.217440299825926
0.093679067324038 4.239081969734815 11.411768753290474
3.285131234535035 -2.706780720119788 -10.564308150630865
3.452291303336393 2.389724588532097 -6.926196413022884
-4.211134931216614 -1.242709947500629 -11.070376945588748
3.589990313340344 3.168693397382827 4.021994159696106
-4.635445672686312 1.182731572994027 11.423183310797192
-4.600919580343700 -1.458002639186399 -9.655294595950643
0.389429394583641 4.261593993700777 -7.689006367837713
-4.623594291514422 0.545821158465233 -8.536662608374641
-4.137647511913359 0.167482180325786 -13.187117183178820
3.275539911370904 3.630946435931256 12.196493340449663
-3.555000750705603 3.273773194823783 2.341831475590503
-2.853935147064761 3.691834698603432 -12.500934157894321
3.970698144258101 -0.849819325859092 -6.046142419395803
3.477105785116873 2.578389827132107 -9.966492023861317
3.137328709104549 2.960350272935870 12.087427741084323
3.727360906520342 -1.849985868152009 9.912281771000316
-3.630553115084117 -2.198377658112508 -8.484257091623917
3.619211664496088 -2.448065592871000 -9.121922304448175
-1.615084905139815 -3.988127892518667 14.082019934344242
0.444031931734551 4.687986120388293 5.948036464350377
3.066438663680760 3.266060059902654 12.673940348719864
-2.090321533278380 4.489565166104847 -0.472806663297520
-3.528914308508336 3.333339600029292 -12.336283609769115
1.505073539945241 -4.678311009168548 11.750466575890485
2.393615728657716 -4.011816669966315 1.356091623601049
-2.840777078076359 -3.667171148338745 -13.368612493123276
-3.266079085178408 -3.524636269917757 -9.263483621772417
-3.554883631908456 3.262189741612086 -1.393892630674326
-3.353512149464033 -2.412504965565212 6.073091228219276
2.320814177647914 3.395998727692663 7.062973038926248
3.959665510472623 0.902256677842693 6.586438225025372
-2.577984401396749 -4.065613647378376 -11.332525543860680
-0.693337602905707 4.263726764032094 11.440663785539538
-0.554606346100091 -4.134913701108932 14.349343398674780
1.051579805057917 -4.377564049365247 -3.707641163677687
-0.070470326079053 -4.306480139186268 0.188845673913720
-4.698197378529327 -0.518552654466341 -12.149487651854129
1.370583976389911 -4.405431746961942 -2.408080846632041
0.478198782198005 4.261881101502362 0.751890280156697
-3.636937397561126 2.011020333539276 2.549593669286882
3.950199371343345 -1.439468945148397 -14.708800628863923
-4.147961900778741 1.108555019521413 -13.605674334560344
-4.147301628928576 0.952439065067999 8.558131673179169
-1.472133301627639 -4.594942146210315 7.433471393860192
3.909321156696043 -2.874504084391840 -11.367570624272370
4.291278139319449 0.389703504910704 -13.413249230475355
-3.015322961140033 2.895958881894324 7.147865725440244
4.445042222128860 -0.228473120290856 14.677033558568905
1.863109769721878 4.383879242428947 0.611853521640075
-2.085422227306067 3.955856252746705 4.013688488548190
-1.087113182551914 -4.144843428223350 -3.779912136045583
2.569221288569105 -3.301536439553299 3.521387027276347
0.200949658018256 4.339697097579958 -10.437748031655017
-0.848431530169533 -4.640349587438349 4.307668158969712
3.923950914975190 2.209576359865999 7.408642898724274
-4.143561871162140 -0.134612216976230 11.964729164307506
4.774019785165471 -0.142388882432114 -6.870364698634706
-4.631503283738635 -1.438368480125037 8.182859733557233
-4.354260290665914 -1.185256482703233 7.779590075260426
-4.680683494320665 -0.193843642913787 5.472411180670818
-2.368406686999109 -3.668527053902302 -8.127847868738089
-1.915449431812979 -4.354400787313195 -9.420736801451589
